source_surf = .false.
xs = 170.000000
zs = 0.000000
source_type = 1 
time_function_type = 1
name_of_source_file= ""
burst_band_width= 0.
f0 = 30.000000
tshift = 0.0
anglesource = 0.0
 Mxx = 1.0
Mzz = 1.0
Mxz = 0.0
factor = 10000000000.0
vx =0
vz =0
